{
  "preprocess": [
    [
      1,
      0,
      0,
      0,
      0,
      0,
      0,
      0,
      0,
      0,
      0,
      0,
      0,
      0,
      0
    ],
    [
      0,
      1,
      0,
      0,
      0,
      0,
      0,
      0,
      0,
      0,
      0,
      0,
      0,
      0,
      0
    ],
    [
      0,
      0,
      1,
      0,
      0,
      0,
      0,
      0,
      0,
      0,
      0,
      0,
      0,
      0,
      0
    ],
    [
      0,
      0,
      0,
      1,
      0,
      0,
      0,
      0,
      0,
      0,
      0,
      0,
      0,
      0,
      0
    ],
    [
      0,
      0,
      0,
      0,
      1,
      0,
      0,
      0,
      0,
      0,
      0,
      0,
      0,
      0,
      0
    ],
    [
      0,
      0,
      0,
      0,
      0,
      1,
      0,
      0,
      0,
      0,
      0,
      0,
      0,
      0,
      0
    ],
    [
      0,
      0,
      0,
      0,
      0,
      0,
      1,
      0,
      0,
      0,
      0,
      0,
      0,
      0,
      0
    ],
    [
      0,
      0,
      0,
      0,
      0,
      0,
      0,
      1,
      0,
      0,
      0,
      0,
      0,
      0,
      0
    ],
    [
      0,
      0,
      0,
      0,
      0,
      0,
      0,
      0,
      1,
      0,
      0,
      0,
      0,
      0,
      0
    ],
    [
      0,
      0,
      0,
      0,
      0,
      0,
      0,
      0,
      0,
      1,
      0,
      0,
      0,
      0,
      0
    ],
    [
      0,
      0,
      0,
      0,
      0,
      0,
      0,
      0,
      0,
      0,
      1,
      0,
      0,
      0,
      0
    ],
    [
      0,
      0,
      0,
      0,
      0,
      0,
      0,
      0,
      0,
      0,
      0,
      1,
      0,
      0,
      0
    ],
    [
      0,
      0,
      0,
      0,
      0,
      0,
      0,
      0,
      0,
      0,
      0,
      0,
      1,
      0,
      0
    ],
    [
      0,
      0,
      0,
      0,
      0,
      0,
      0,
      0,
      0,
      0,
      0,
      0,
      0,
      1,
      0
    ],
    [
      0,
      0,
      0,
      0,
      0,
      0,
      0,
      0,
      0,
      0,
      0,
      0,
      0,
      0,
      1
    ]
  ],
  "procrustes": [
    [
      -0.2612670694786627,
      -0.05868211906624198,
      0.051866183009141684,
      0.2436259144750914,
      -0.40694726983728924,
      -0.0884740082911862,
      -0.37975501368733977,
      0.11763542066031281,
      -0.06630257524795637,
      0.24318485967717196,
      -0.23473950414132458,
      0.4755877546660605,
      0.30786901372453956,
      0.215639892416648,
      -0.22059328981569828
    ],
    [
      -0.41723749793082066,
      0.24334849032311,
      0.20853977484902195,
      0.07460643258186743,
      -0.17650959067030314,
      0.3354862627160524,
      0.17444295297317328,
      -0.1329946747782056,
      0.344822775839416,
      -0.2184576319453067,
      -0.2675613194486349,
      -0.37579031696970966,
      0.024022081424841718,
      0.37011605711742723,
      -0.09390403533343128
    ],
    [
      -0.30064462882332066,
      0.12105775649143782,
      0.04036689777879793,
      0.059769103024982034,
      0.21927917275086853,
      -0.19076519462965164,
      -0.022511135657162534,
      0.491502234506791,
      -0.48220191202013307,
      -0.18830553689255516,
      0.3243600823613717,
      -0.17581099070433084,
      -0.04686956750864373,
      0.38130152031056896,
      -0.10731192566689353
    ],
    [
      -0.1271188894583742,
      -0.06208583605803017,
      -0.6023300248237073,
      -0.0875487700094961,
      0.08300000447511613,
      -0.27080251743925565,
      0.42649786567732156,
      -0.19308687079132675,
      -0.013763398558601245,
      -0.12354165518267218,
      -0.23215867779070914,
      0.2307163680981285,
      -0.14829025304073526,
      0.1944706843455658,
      -0.35738691298387065
    ],
    [
      -0.1362219987058803,
      -0.37530637717711945,
      -0.20028220678187658,
      0.1128530229214388,
      -0.16493723656905443,
      -0.4701216621775244,
      -0.3192658494043481,
      -0.19363696149675108,
      0.3403378492053132,
      0.04651060052309977,
      0.2814347789877454,
      -0.3934841997546712,
      -0.08303603270924174,
      0.16227243766509167,
      0.1218176254760922
    ],
    [
      -0.13532361364821105,
      0.4784395658882502,
      -0.10303551924813131,
      -0.5394464091710052,
      0.30157213168396757,
      -0.12265543524619651,
      -0.3958495183322685,
      -0.22706176392616537,
      0.027460141406481772,
      0.2435134186347856,
      -0.1010567336646435,
      0.03926681123900121,
      0.0504505827163987,
      0.18425908810767336,
      0.16916411980921703
    ],
    [
      0.2008672436938979,
      -0.19748005783937844,
      -0.30153768186204505,
      0.20593345693159248,
      0.19112253411754895,
      0.3695371216524719,
      -0.37221257628078647,
      0.1812834971030465,
      -0.011642818514550582,
      -0.12689946223361717,
      -0.3438237050352582,
      0.03584164992736957,
      -0.3916674418121914,
      0.2958822200971767,
      0.25717879658453713
    ],
    [
      -0.16369597187391977,
      -0.43087123306791103,
      0.3273792358091222,
      -0.12631471345157802,
      0.4219016902902897,
      -0.16919072386897271,
      0.29195736489653135,
      0.2413622392698217,
      0.27340665023464816,
      0.21264337610681527,
      -0.22216824942411667,
      0.163058143731153,
      0.1344596262141714,
      0.1770817978908322,
      0.26257803096970156
    ],
    [
      -0.006849187604343991,
      -0.07009416333977195,
      -0.12313506148357214,
      -0.22108810527654288,
      -0.3600188393717324,
      0.15591232004551564,
      0.23682122721247642,
      0.1902386559877716,
      -0.20707054726385699,
      0.6911841430560052,
      -0.05582242866692029,
      -0.2882703474731851,
      -0.26291216515553395,
      0.08880491308732869,
      0.031010643213281952
    ],
    [
      -0.292561359604583,
      -0.4438535950787599,
      0.317253668342937,
      -0.26481161132249836,
      0.08645117603490107,
      0.11750263867218322,
      -0.21744579949478565,
      -0.35813442177758525,
      -0.35973363442800976,
      -0.0949225290213348,
      -0.12012697683271471,
      -0.04184949359282595,
      -0.2875764420184444,
      -0.16103150104481487,
      -0.2942300842143883
    ],
    [
      -0.2916587274480134,
      0.1588346054538725,
      -0.1285155884820279,
      0.49238148007176225,
      0.43720223133899555,
      -0.00457625402323375,
      -0.08159087855546701,
      0.0335002517510163,
      0.06510018039002208,
      0.3623790941481855,
      -0.149927080851409,
      -0.21369161391942554,
      -0.04023020752712227,
      -0.4221618790607557,
      -0.2196973062404055
    ],
    [
      -0.3174830389890566,
      -0.24308748887173579,
      -0.4272831148277462,
      -0.34497551308500696,
      -0.010048687498156524,
      0.3866693096780343,
      -0.10278117502649652,
      0.2982165643578069,
      0.13592499242474476,
      -0.13723801797177246,
      0.14990863039310717,
      -0.051134606292265204,
      0.393305387376502,
      -0.2684322231206691,
      -0.016751082957340267
    ],
    [
      0.40402311980095257,
      -0.039037525752094335,
      0.12411887604635566,
      -0.17372483700497748,
      0.16139215710482266,
      0.08164896888721382,
      -0.16220301234736817,
      0.20943799646095895,
      0.3614848342785538,
      0.11539337903479396,
      0.12993161234167436,
      -0.06373998320394925,
      -0.0373396208614479,
      0.1870697636084577,
      -0.6967397156535584
    ],
    [
      0.060007538821019925,
      0.09958161830062508,
      0.0633588102688847,
      -0.21753805742952223,
      -0.21499333179290883,
      -0.41672499954787423,
      -0.11678298259381324,
      0.41620417977845225,
      0.04738868039251789,
      -0.2623929178793529,
      -0.5353011995685357,
      -0.22605327235455103,
      -0.11107577958319062,
      -0.32610442350444496,
      -0.03121375717118854
    ],
    [
      0.32978494476546066,
      -0.1635267873231302,
      -0.07899122451654911,
      0.0615226851195453,
      0.12240640039007969,
      -0.026041081630606602,
      0.0019192303326981928,
      -0.1945481783054194,
      -0.3529948091979852,
      0.0238497062206427,
      -0.3021303726849801,
      -0.4194296171316127,
      0.6145462914876192,
      0.16935961374241015,
      -0.04726680654821852
    ]
  ],
  "grandtour": [
    [
      -0.18877805884434437,
      0.10694684193587264,
      0.3874089931200507,
      -0.13445307039834198,
      -0.20682804466329166,
      0.2955651214287459,
      0.08735349418546046,
      0.38044607640755485,
      0.3924436351699666,
      -0.11371562329567243,
      0.2209745002574826,
      0.09621799273764027,
      -0.2988021903848131,
      -0.40095001288258103,
      0.16486626967812118
    ],
    [
      0.2181168168758765,
      0.0034072329202473293,
      0.035708195512266255,
      -0.4154874231369875,
      0.2599191391834422,
      0.20167194538817051,
      -0.4853264176852025,
      0.17405749261149406,
      -0.3699461785221662,
      0.1252263138376291,
      -0.12974139473465268,
      -0.12196879184514804,
      -0.06902350993277741,
      -0.3986438777980978,
      -0.23771640548860973
    ],
    [
      0.19370779286332399,
      -0.18921756872903325,
      0.046370245574264515,
      -0.11789478597534533,
      -0.2095940660321864,
      0.3424694055977777,
      0.4780513822836092,
      -0.4098129794764553,
      -0.37835732757316815,
      0.194690576262477,
      0.2357826135825611,
      -0.0038399638818969323,
      0.0950049134402209,
      -0.27691161401959075,
      0.17480561871857359
    ],
    [
      0.16591019543619467,
      -0.15121398476855746,
      -0.23901233850609216,
      -0.12959022545685298,
      0.0078091294616733226,
      0.20570539266471527,
      -0.20182008483767283,
      -0.03788764177210838,
      -0.0518869156001123,
      -0.6023218545918465,
      -0.18348295269930368,
      0.32128615249064396,
      0.05790731037304593,
      0.03385635111830418,
      0.5331706470753634
    ],
    [
      0.2590808705459919,
      -0.047464743294110705,
      -0.45118219768440593,
      -0.1831906703206759,
      -0.11972271265867646,
      -0.2585014759203678,
      -0.08583290504039418,
      -0.054031996267887517,
      0.40658411413076395,
      0.19377507052434575,
      0.10705278648529759,
      -0.47286953811945315,
      -0.08153021976580341,
      -0.2239239671416379,
      0.3276313163943041
    ],
    [
      -0.27250181969949017,
      -0.3539904242246998,
      -0.18142487571026783,
      -0.3001909669350453,
      -0.03247997312128721,
      0.04982436609139183,
      -0.1083315610186792,
      -0.32432700629924727,
      0.2580654153811725,
      0.33153059039493626,
      -0.1516058045978553,
      0.4627184194848356,
      -0.3420182161200474,
      0.06033859053181381,
      -0.1507402834565852
    ],
    [
      -0.32371804124666304,
      -0.17757407421203783,
      0.20607423285932447,
      0.3567738879107656,
      0.34439056092761655,
      0.2791260294108183,
      -0.20621105697294304,
      -0.3418626963335324,
      0.22498886994538125,
      0.06013625765080008,
      -0.2286010423620371,
      -0.28550112977389824,
      0.23385214724189382,
      -0.24508790793330504,
      0.18774977321724098
    ],
    [
      -0.5172194004177815,
      0.3918780692228386,
      -0.23528278289286486,
      -0.4875905000698999,
      -0.09111964048569805,
      0.22575164128946346,
      0.17263051919613173,
      -0.07738111023674392,
      -0.03646565450437675,
      -0.13816664498794584,
      -0.16493819639088336,
      -0.29218345363285697,
      0.18296991966218615,
      0.14843630272062971,
      -0.04744038137685451
    ],
    [
      -0.3817191555760457,
      -0.2776463744577451,
      -0.219230461022902,
      0.00895505737752611,
      0.4572156870180313,
      -0.265061402262462,
      0.34474203146855414,
      0.3484920846162959,
      -0.29458063140100593,
      0.021364721497571106,
      0.031375849663596446,
      -0.0058582963995726794,
      -0.18103838464041777,
      -0.18128743560602223,
      0.23573345514779925
    ],
    [
      0.1792431946176246,
      0.1153579478070411,
      -0.1278961938645134,
      -0.11253204284351091,
      0.21926452075126215,
      -0.029173216209155486,
      0.2673861977118325,
      0.18107499931958246,
      0.3240589275861135,
      0.1536457309584786,
      -0.1550636506793466,
      0.3897016538086974,
      0.6168115373306404,
      -0.27073732545078555,
      -0.11850526304813769
    ],
    [
      0.04482620730377344,
      0.06035139548056632,
      0.07923167294550006,
      -0.13278923798336922,
      0.26877450047493673,
      0.3010279536481263,
      -0.1496899476528749,
      0.2069873757867668,
      0.021135397800556094,
      0.4445868287840354,
      0.32935261552081446,
      0.04374900999837831,
      0.12543032017063588,
      0.5163192150713968,
      0.3892553065394156
    ],
    [
      -0.31206332041075424,
      -0.1403718601103686,
      -0.08401224928369322,
      0.1535414641754224,
      -0.5936077161203327,
      -0.10031575071309531,
      -0.3092146341202898,
      0.2717361852065756,
      -0.2478136858107923,
      0.27729422788894925,
      -0.0910607031691602,
      0.09866967322604633,
      0.34086639226351123,
      -0.12973591572827473,
      0.1761783128894825
    ],
    [
      0.1458375366791408,
      -0.6349290069843854,
      0.1793267978916781,
      -0.18455260499131762,
      -0.13160097809141863,
      0.14885960765256306,
      0.20566526265930143,
      0.3102525818620185,
      0.13644824307391612,
      -0.08107395817326378,
      -0.2936928813917728,
      -0.3220301155202975,
      0.12114787098179904,
      0.27468308661821583,
      -0.16145687089922067
    ],
    [
      0.19181340267953706,
      0.3161962709272045,
      0.1150291262117427,
      0.10404539621942188,
      -0.05830567097476893,
      0.03594309147973533,
      0.20790657105970745,
      0.06904741611113832,
      -0.07748091543597702,
      0.30698249496013347,
      -0.7085267930000282,
      0.0119500256982248,
      -0.3076145003976165,
      0.03836430539712532,
      0.2966364485916184
    ],
    [
      0.05251732285772896,
      0.01903338940100737,
      -0.5761182283091723,
      0.4371012464612245,
      -0.030431663250875984,
      0.5647550512387948,
      0.047426720339872636,
      0.22950771432712308,
      0.03393350380651223,
      0.03315344205214601,
      0.033320263417000194,
      -0.02515145660110117,
      -0.16531134677630177,
      -0.010409267020233412,
      -0.26015927071158834
    ]
  ],
  "grandtour_thetas": [
    1.3155936834161646,
    2.6452749602213084,
    2.5442151642950575,
    1.8911925239173293,
    2.8133599712385333,
    1.8776954362803446,
    0.332482247786565,
    0.4558397132257457,
    1.354955310707492,
    6.281786038738171,
    0.584004665507833,
    2.1769439587300647,
    2.6528700735146638,
    3.091799162766122,
    5.103145769218026,
    4.73511215627068,
    4.67670047810646,
    5.457555820564784,
    2.5363054282507935,
    6.168274011814914,
    2.56714228172045,
    3.219947812712515,
    6.041124273900493,
    5.155363123534821,
    3.3663393216073256,
    5.557881832826473,
    3.2634706750978983,
    4.001060645896686,
    2.521976958150026,
    0.4629534844777705,
    5.926563626827839,
    6.021464133657782,
    5.8007662568586325,
    4.576204471976765,
    5.898550597960902,
    4.8645545918884645,
    3.0376978899725513,
    2.3191264502790085,
    2.6525233918781703,
    5.596552764620959,
    2.547611726210824,
    5.64561060882563,
    0.9564921884534052,
    4.4692758437933735,
    4.090101519838868,
    0.02610843468863785,
    1.8329519403333916,
    3.7535617245468935,
    5.49575435963233,
    5.627405250028381,
    1.6265982277987154,
    2.330525760803154,
    3.78048331264279,
    3.5473637757874577,
    0.21463897249790362,
    2.290882539974124,
    6.121228749639609,
    2.2769562725474803,
    6.173025838247893,
    5.20908675468141,
    2.6739138537224,
    1.6097370221022624,
    4.6859597020766595,
    4.965182129190914,
    2.6068281652781224,
    2.6631702618683493,
    2.7775399644555367,
    3.0565101840729545,
    1.6876052836038808,
    5.482624030567326,
    0.05297821346754098,
    3.751650574963023,
    3.6198808504901825,
    5.77207000715589,
    2.0771719053350006,
    2.6640211595351344,
    0.9871518876990739,
    6.155217561952055,
    4.927299166182993,
    0.4565264098145754,
    0.7877934935347353,
    0.623352096734792,
    0.014376745236262341,
    2.095892106213502,
    0.38542866636561274,
    5.875039090778027,
    2.0146266277760567,
    2.6023825582647637,
    5.721390921764045,
    2.066278742949209,
    4.709604903353695,
    2.2972723347734654,
    4.80220635093262,
    4.639229135418947,
    5.241481026444998,
    6.049496382617442,
    5.333587517870616,
    1.6744489502274327,
    4.287282459229063,
    3.1606763448178916,
    3.514114517494035,
    3.1381812228833423,
    0.9092812203752945,
    1.1533598977674677,
    4.443815568943708,
    4.8637200549647215,
    2.5339138632180394,
    1.0302699844754861,
    2.8192269166661257,
    4.767107152245816,
    2.3246954013064838,
    3.159890400488526,
    1.3195095418315301,
    6.1334853349224385,
    2.513050515991058,
    5.125939347579602,
    2.417661451682702,
    4.8634624604012995,
    3.218500783529402,
    5.398851840259505,
    5.242728796443467,
    1.253204060326112,
    5.475181318781838,
    2.490153060254178,
    4.197730569163823,
    5.006110741876933,
    4.366461944205287,
    5.314724090023328,
    2.5772794725203614,
    2.0040034936043156,
    0.3212822465526614,
    5.839230963463044,
    3.0128480747605337,
    5.119723257488552,
    3.0540777289615946,
    0.8965372683175519,
    1.2639233355605553,
    5.589852172080368,
    4.784802214884579,
    4.600767611919794,
    1.3551471710504186,
    1.1568040025434345,
    0.9937088513864085,
    3.533516156591818,
    3.570000392332279,
    4.903762707657679,
    2.606035047153342,
    2.1456765835118365,
    5.896520883971049,
    1.0841727885684518,
    0.7893851541958791,
    2.3766945742754637,
    3.569072816227328,
    0.2824089920714952,
    2.2068933398351795,
    0.6120031253509682,
    0.2846435361461253,
    3.296859209806896,
    1.8264518867022395,
    3.7366336344414233,
    5.332592874989653,
    3.511785964908187,
    6.173557122452345,
    2.6894803521519206,
    2.0741770360504406,
    0.20465625084035774,
    3.1099019694490675,
    5.245745889697504,
    4.858863497932906,
    5.50239128780145,
    2.0897892458998175,
    4.671363266390615,
    2.8779057138623187,
    3.321788431402412,
    2.4435194689830317,
    2.697943790173458,
    2.619910650399387,
    1.2846041971589504,
    0.3909728413546633,
    4.278603171218499,
    1.0614926400359928,
    6.01692462085863,
    6.157032722284156,
    2.820850969256194,
    1.5486237995899546,
    2.971529166794156,
    2.9020843148590885,
    2.574882180886886,
    4.510485490980699,
    4.975301571761178,
    4.605362194561066,
    1.3215396303557077,
    0.9552817857461167,
    5.975858005851382,
    3.113733576947748,
    0.254282430913704,
    0.5047278971951182,
    0.42217957276177165,
    3.7464788887843197,
    4.027334865252996,
    5.34817375499498,
    0.36348262758067906,
    3.045049736753628,
    2.6271451576366847,
    1.9676758642325638,
    2.5774047969105904,
    5.9324870266726935,
    1.9532412864667152,
    5.329186628073195,
    2.9528845043563945,
    0.10434937659230048,
    6.122304968543419,
    4.178886747117491,
    3.988997903834332,
    4.494439184496954,
    3.095846935281411,
    4.326673312097265,
    0.4057408175613577,
    3.3910549067452704,
    4.069314908531612,
    5.774006875871559,
    0.040939841883656625,
    5.884812459165025,
    1.4241946740219966,
    4.756984587039164
  ],
  "grandtour_t": 0.2680435124999987,
  "postprocess": [
    [
      0.5076828169445496,
      -0.06592164839133421,
      0.20805110539714702,
      0.05152305067415579,
      0.6212023329039982,
      0.10233117224969432,
      0.2830593979230582,
      0.2543423070053338,
      0.001236371144048507,
      0.14741922438816274,
      0.2132031144931698,
      0.02291437895916977,
      0.07881314421409238,
      -0.2367472539556322,
      -0.14429345188961015
    ],
    [
      0.0072941093145563645,
      0.3786692022502527,
      -0.31764426129561846,
      0.21742974077208274,
      0.17967513720679984,
      0.24674016297509344,
      -0.09724327467072419,
      -0.12911010498830577,
      0.24544927018092672,
      0.05373722006528903,
      0.4542972934008076,
      -0.19955312404673944,
      -0.45840447016226116,
      0.13544334476343617,
      0.22643598351395702
    ],
    [
      -0.10379490204425636,
      0.3873859471430272,
      0.888778403355112,
      0.056782298174236474,
      -0.06545863494974903,
      0.013696473392826392,
      -0.061661263838254536,
      -0.05681686389437711,
      0.0406208389574765,
      -0.026402569381650927,
      0.0499411165593821,
      -0.03213476437190366,
      -0.10423044420509735,
      0.09869934735915435,
      0.08958414901772609
    ],
    [
      -0.1298124395243876,
      -0.2477213152005089,
      0.05304704948452172,
      0.9509161870435355,
      -0.033673716771182284,
      -0.018510198482065844,
      0.003118790957787675,
      0.0006904917944713516,
      -0.02885900404200507,
      0.0035848500060524854,
      -0.058074810434387635,
      0.01777395068723119,
      0.06664364161450875,
      -0.045440552710827,
      -0.046904552257101155
    ],
    [
      -0.6478485938002172,
      -0.011548898514647812,
      -0.012231815463402074,
      -0.08065065936753918,
      0.713870668740438,
      -0.0644132871791496,
      -0.11430113738963824,
      -0.11189529765102146,
      -0.04618595314193399,
      -0.04901116254707081,
      -0.15279328716515428,
      0.017387871472113518,
      0.0704733699081648,
      0.03173427575663858,
      -0.0014290791353822798
    ],
    [
      -0.13318743981216494,
      -0.15367555647069897,
      0.0647219065010027,
      -0.06596366747699729,
      -0.08017599488137234,
      0.9565414708641197,
      -0.0066293865632622365,
      -0.007304850454568986,
      -0.05008137367116893,
      -0.008158761070994267,
      -0.10211481225280755,
      0.03292876000280258,
      0.0997770335815325,
      -0.04128933716196476,
      -0.05348831728265387
    ],
    [
      -0.27050476233093945,
      0.14617958503079242,
      -0.056748185021985406,
      0.004358778989271794,
      -0.10462805627565021,
      -0.004973433942743302,
      0.9387983245654944,
      -0.059292798593582774,
      0.01072518386088119,
      -0.022523747556547964,
      -0.010869624990774712,
      -0.01441290176875008,
      -0.03454823938346536,
      0.050901060790014184,
      0.040705325818755016
    ],
    [
      -0.2533840964300074,
      0.14700501005490618,
      -0.0629982426930853,
      0.013766928768568974,
      -0.08196060458754209,
      0.006133936941744462,
      -0.05659956708279213,
      0.9443303567344324,
      0.020084046372807324,
      -0.0172861953899872,
      0.010434270007520592,
      -0.020965251788416798,
      -0.04983051203296432,
      0.05040168385090698,
      0.04511333889969246
    ],
    [
      -0.06340627873276711,
      -0.21243420394062942,
      0.0744160189890193,
      -0.05795552187415024,
      -0.025256807233542927,
      -0.02820378920245579,
      0.01539423278263309,
      0.01286632196594381,
      0.9581471070885968,
      0.004997245054769485,
      -0.07447062561171261,
      0.028740661735208225,
      0.09223946087446765,
      -0.058325649727031297,
      -0.06136881276129878
    ],
    [
      -0.13061665991463706,
      0.025226272939172182,
      0.002039864647118072,
      -0.02375504915476445,
      -0.07934118205716231,
      -0.023943423871897497,
      -0.027895275439473777,
      -0.026556388872810605,
      -0.018333873048680373,
      0.984651312143247,
      -0.05038655350973854,
      0.009900913630857181,
      0.028053190228293053,
      0.008757395526967068,
      -0.002813764270134878
    ],
    [
      -0.2999500993166943,
      -0.35087040072434356,
      0.1098203364956075,
      -0.11797002609305574,
      -0.14569818363190923,
      -0.07033808833636694,
      -0.01709373629369822,
      -0.01909350562385599,
      -0.08280689141576542,
      -0.012549220149110994,
      0.8255737114993043,
      0.052489468538205415,
      0.1684637684454936,
      -0.07478334746888125,
      -0.09378778882729087
    ],
    [
      0.015505810287541385,
      0.16329940976558874,
      -0.06317207100962907,
      0.046133622075818746,
      0.015197963353281227,
      0.024747747532847,
      -0.01658401021852935,
      -0.014927212484576825,
      0.03572476774765132,
      -0.003981775263311287,
      0.061610029219570206,
      0.974513158625048,
      -0.07747672615782741,
      0.04772941365848743,
      0.0508726369235764
    ],
    [
      0.06122354987193002,
      0.45796262112412967,
      -0.14425141244199327,
      0.09992140238595652,
      0.003175032162983272,
      0.04049000497684751,
      -0.04637755175498247,
      -0.04083263684273911,
      0.07031952767569874,
      -0.018907268852170877,
      0.11591619636879467,
      -0.049788297948065136,
      0.8370260970262057,
      0.11968417454074384,
      0.1187716563735808
    ],
    [
      0.1456080973577736,
      -0.27768499707092364,
      0.057947068744704976,
      -0.010226867556871848,
      0.10883871889302599,
      0.018107632269819103,
      0.05778660735645825,
      0.05338441722462153,
      -0.002642253219328524,
      0.03013430937851104,
      0.02240610300023837,
      0.0057652135918526415,
      0.02804437827963816,
      0.9356335165640595,
      -0.04708543305779011
    ],
    [
      0.05929316558491318,
      -0.3028558082450665,
      0.07608343408343093,
      -0.03850115389366331,
      0.049536310127948534,
      -0.006198326694474128,
      0.04338498796906557,
      0.039839601769852295,
      -0.025366912381295754,
      0.019825932717458562,
      -0.030005508189127523,
      0.020094875402250956,
      0.06835860034844175,
      -0.06980482379801026,
      0.9378931931466675
    ]
  ]
}