{
  "preprocess": [
    [
      1,
      0,
      0,
      0,
      0,
      0,
      0,
      0,
      0,
      0,
      0,
      0,
      0,
      0,
      0
    ],
    [
      0,
      1,
      0,
      0,
      0,
      0,
      0,
      0,
      0,
      0,
      0,
      0,
      0,
      0,
      0
    ],
    [
      0,
      0,
      1,
      0,
      0,
      0,
      0,
      0,
      0,
      0,
      0,
      0,
      0,
      0,
      0
    ],
    [
      0,
      0,
      0,
      1,
      0,
      0,
      0,
      0,
      0,
      0,
      0,
      0,
      0,
      0,
      0
    ],
    [
      0,
      0,
      0,
      0,
      1,
      0,
      0,
      0,
      0,
      0,
      0,
      0,
      0,
      0,
      0
    ],
    [
      0,
      0,
      0,
      0,
      0,
      1,
      0,
      0,
      0,
      0,
      0,
      0,
      0,
      0,
      0
    ],
    [
      0,
      0,
      0,
      0,
      0,
      0,
      1,
      0,
      0,
      0,
      0,
      0,
      0,
      0,
      0
    ],
    [
      0,
      0,
      0,
      0,
      0,
      0,
      0,
      1,
      0,
      0,
      0,
      0,
      0,
      0,
      0
    ],
    [
      0,
      0,
      0,
      0,
      0,
      0,
      0,
      0,
      1,
      0,
      0,
      0,
      0,
      0,
      0
    ],
    [
      0,
      0,
      0,
      0,
      0,
      0,
      0,
      0,
      0,
      1,
      0,
      0,
      0,
      0,
      0
    ],
    [
      0,
      0,
      0,
      0,
      0,
      0,
      0,
      0,
      0,
      0,
      1,
      0,
      0,
      0,
      0
    ],
    [
      0,
      0,
      0,
      0,
      0,
      0,
      0,
      0,
      0,
      0,
      0,
      1,
      0,
      0,
      0
    ],
    [
      0,
      0,
      0,
      0,
      0,
      0,
      0,
      0,
      0,
      0,
      0,
      0,
      1,
      0,
      0
    ],
    [
      0,
      0,
      0,
      0,
      0,
      0,
      0,
      0,
      0,
      0,
      0,
      0,
      0,
      1,
      0
    ],
    [
      0,
      0,
      0,
      0,
      0,
      0,
      0,
      0,
      0,
      0,
      0,
      0,
      0,
      0,
      1
    ]
  ],
  "procrustes": [
    [
      0.2858249342052615,
      -0.0998825546460258,
      0.3464225208458092,
      -0.32393458528064967,
      -0.5399960818622445,
      -0.0063886720804701355,
      -0.07955172601042584,
      -0.3788454245422803,
      -0.039091254414254956,
      -0.24231705003980342,
      0.24412552972796525,
      0.14692460919287267,
      0.26949338214764373,
      -0.14524677096459668,
      -0.08211812192394963
    ],
    [
      0.3709469778151495,
      0.13452401892533683,
      0.09781722992706884,
      -0.35126814712533494,
      0.09660661479644604,
      0.33753262210669327,
      -0.056307727489462694,
      0.31247583176071503,
      0.5716334541237093,
      -0.004213828696732355,
      -0.17298737683887533,
      0.022299573239906834,
      0.11853803104248943,
      0.12086358800712882,
      0.3184455279336377
    ],
    [
      -0.09547047147496082,
      0.15135972508826245,
      0.523774759961161,
      0.10336857127531693,
      -0.19653341092822837,
      -0.1293696959841638,
      -0.32348791217983797,
      0.14651414114552913,
      -0.21495702404320702,
      0.5003966517641291,
      -0.306395563024049,
      -0.2072069036808077,
      0.21329347559585154,
      0.08068402388714763,
      0.12671837896306892
    ],
    [
      -0.23811651741375944,
      -0.2466271279089282,
      0.07649260372492445,
      0.2360608077507351,
      -0.1316640477144409,
      0.2334807824258256,
      0.12504720343051642,
      0.07951487300255929,
      0.11010445154032128,
      0.3316505425771195,
      0.48045757921832266,
      0.4459166909243518,
      0.12054124713825473,
      0.33570909236535,
      0.21923641331698723
    ],
    [
      -0.27642685039963644,
      0.40202693923822036,
      -0.23088536430755907,
      -0.5273259543589874,
      0.005091866899855996,
      -0.09602461763397044,
      0.1677765978631445,
      0.14589961227334117,
      -0.3205434981973851,
      0.004176364959816582,
      0.3083884772305968,
      -0.16767642179015524,
      0.2757226265325619,
      0.12600726059333325,
      0.23240971770219698
    ],
    [
      -0.5150002772630367,
      0.029401646320442162,
      -0.012363436278619494,
      -0.27483863428183886,
      0.06219843853913487,
      0.3997251854037053,
      -0.13246035387537258,
      -0.08444307047387838,
      0.17797441469290498,
      0.12270495801256476,
      -0.1925411117009624,
      0.14501265546362835,
      0.20566041998457535,
      -0.1433662448686592,
      -0.5497396143609887
    ],
    [
      0.32777619407412395,
      0.019468195014353276,
      -0.30166333406992385,
      0.009802189496098554,
      -0.29515480526331495,
      -0.219371196098391,
      0.47040882551624674,
      0.19369734176928116,
      0.10016617083021143,
      0.45277294447404437,
      -0.11279591961051239,
      0.04528325714143608,
      0.21126194787256009,
      -0.10211565690807667,
      -0.349534533302596
    ],
    [
      0.24438070214496793,
      -0.037910963778014645,
      0.19663325777817686,
      -0.12860444295899265,
      0.5841297386036678,
      -0.40063811588785153,
      -0.22770207121346958,
      0.12588804517640675,
      -0.040210359697109996,
      0.04608765094946703,
      0.24633737836522118,
      0.2884482750190259,
      0.21205426141349432,
      0.12283127292651451,
      -0.3264086679670466
    ],
    [
      -0.3053358092093823,
      0.25447113307456254,
      0.2763255896295363,
      -0.07319939247621296,
      0.017214681624437247,
      -0.47500179898618844,
      0.3533484852606384,
      -0.33641759318526987,
      0.4420519504431202,
      -0.02441451098669538,
      -0.15521343082742317,
      0.14307217710916792,
      -0.15577333635712787,
      0.15648970037236928,
      0.08381103332720145
    ],
    [
      0.26848791928780014,
      0.0972720179899718,
      0.15977335690594005,
      -0.22239421989972014,
      0.20173577686507294,
      0.35195624026620925,
      0.30576603174485706,
      -0.31557245420824004,
      -0.43497060446850144,
      0.23544340032759403,
      -0.20023885665121377,
      0.1959662427625293,
      -0.31527619557280734,
      0.2491811835708591,
      -0.034562798954687404
    ],
    [
      0.06274792815490875,
      0.5422229930862852,
      0.051869871805428076,
      0.4209324893627293,
      0.11947353439098396,
      0.15697110652478935,
      0.12283852723473865,
      -0.021933051560336245,
      -0.11492586838137417,
      -0.179375111598047,
      -0.07328647598222715,
      0.3806655336638344,
      0.34685857709825424,
      -0.3657417828402898,
      0.13401341971554726
    ],
    [
      -0.1523313367449824,
      -0.5212415940936324,
      -0.052296716321075215,
      -0.1995006019069885,
      0.049815032047241296,
      -0.1726708360356431,
      0.14201977383557685,
      0.14261702325585904,
      -0.22144546997229475,
      -0.16052819729515905,
      -0.4806043958673141,
      0.3433462021416554,
      0.24002607732056971,
      -0.11143247136847648,
      0.30993003984102413
    ],
    [
      0.05413601970001865,
      -0.20470633288708004,
      0.006767831959068021,
      0.20608505859612555,
      0.2623114217390113,
      0.12661073836483372,
      0.2347340497902835,
      -0.3758836376623086,
      0.06829271749130242,
      -0.0649903345162251,
      -0.052747408534220046,
      -0.46031895524724575,
      0.5759868004051693,
      0.275785953281145,
      0.006281298090318493
    ],
    [
      0.0883556632856439,
      0.1906194225221659,
      -0.48227403183171835,
      0.06887280421842654,
      -0.2060257643153848,
      -0.10974686077617923,
      -0.4370426769916047,
      -0.24658622541036376,
      -0.003974282395434445,
      -0.04938054921778776,
      -0.25641506837146133,
      0.2609693658110329,
      0.10965502946719047,
      0.5136967257725519,
      -0.0026959596071434166
    ],
    [
      0.053822114108517685,
      -0.07569190759445359,
      -0.2591581857856704,
      -0.12651750347284466,
      0.2046682137458275,
      -0.07152513363297654,
      -0.22733013003613384,
      -0.46215309215469025,
      0.12557586939028104,
      0.487891239665799,
      0.10540651104135203,
      0.00886729945130147,
      0.002671292825586811,
      -0.4587278815060215,
      0.3471313192176483
    ]
  ],
  "grandtour": [
    [
      -0.11851420676679454,
      -0.0515692279187651,
      -0.18710440522737667,
      0.29916595127144174,
      0.09012848464819491,
      0.3277757476471652,
      0.14561821558752075,
      -0.5389044288340478,
      -0.2399957406517502,
      -0.04218963163697557,
      -0.20070831450650095,
      0.18770997554813657,
      -0.06672247173032059,
      0.25555616258915226,
      0.4763888292142416
    ],
    [
      -0.005839239946673831,
      0.28233387121972403,
      -0.37444268397244074,
      -0.2747786392920643,
      0.23476302579103403,
      -0.04965561101030361,
      0.05245490699839669,
      -0.023900722476914604,
      0.44446607514334435,
      -0.1099192368877861,
      0.392836997205556,
      -0.25787498401859643,
      0.007238574295618458,
      0.04496285459555696,
      0.4594713754546004
    ],
    [
      -0.4607266880989545,
      -0.04980730438735525,
      0.2249113507426273,
      0.3441040265126869,
      0.029492027979654722,
      0.42954444671197756,
      0.058644298598987496,
      0.22686037677631407,
      0.2254264290734157,
      -0.22312423680711704,
      0.1419025005738409,
      -0.1068593752735974,
      -0.32402333765436525,
      -0.37055709909393186,
      0.03891048780341427
    ],
    [
      0.26528320379700043,
      0.13275538521377755,
      0.3429613700495248,
      -0.16998244461463552,
      0.5867530628609554,
      0.3193536340948938,
      0.011846308405064593,
      -0.16962734853710298,
      0.07789464454744535,
      -0.33537558714828747,
      -0.13309371428629768,
      0.06839833958240969,
      0.32768992587637547,
      -0.1086003217441194,
      -0.17376212685008988
    ],
    [
      0.18637694217894057,
      -0.10762087723589979,
      -0.4827239721695274,
      0.17543619094441723,
      -0.16287105071385627,
      0.41500729023436267,
      -0.21668383292532786,
      0.3976851676237534,
      0.1651979969178938,
      -0.030296804448858967,
      -0.09114184631606982,
      0.26519447091060555,
      0.42206273732984423,
      -0.030750677553740897,
      0.009586928080044991
    ],
    [
      0.10332973555124253,
      0.4020569805558901,
      -0.09093890830064724,
      0.03429106221804019,
      -0.3154937272944866,
      -0.1886925993318534,
      0.5082000811381554,
      0.15229183861260231,
      -0.09202180174422664,
      -0.5376252206710875,
      -0.2810426156162388,
      0.07488536023175915,
      -0.001141103806464032,
      -0.13159159144214275,
      0.046976213567113616
    ],
    [
      0.07941491976358114,
      0.07981035884438772,
      0.5409881567234116,
      0.06545904251306867,
      -0.2249207264804891,
      0.027261250227943862,
      -0.14755369418775593,
      0.23278757246223422,
      0.3166765297052459,
      -0.05038947022906008,
      -0.15386832512578072,
      -0.013135817950620188,
      0.04975642882735655,
      0.5713173755919664,
      0.32791076442109196
    ],
    [
      0.06998907720437217,
      0.08052938796659395,
      0.22631645074859286,
      0.2758412203469778,
      -0.025363926414539564,
      -0.10424769823821001,
      -0.08668383479032105,
      0.11815249786852809,
      -0.4886156569250687,
      0.006112889064871112,
      0.35947478516947723,
      -0.23807223359166313,
      0.46445108353923326,
      -0.23078310193217696,
      0.3669676203468021
    ],
    [
      0.189697266794304,
      0.5480710496593808,
      0.07465006770287619,
      0.27580791251508396,
      -0.3329796968814417,
      0.11859323059954717,
      -0.17673615768654383,
      -0.42361244878029625,
      0.21192391989167003,
      0.15174381563016015,
      0.29022099845050975,
      0.15056638528250157,
      -0.01500270597100532,
      -0.09235709905706041,
      -0.25055161654185854
    ],
    [
      -0.030876722563455868,
      -0.3991520321463427,
      -0.010130424361127953,
      -0.17172383238730018,
      -0.4462848679782739,
      0.06887764767171481,
      -0.15544026415560336,
      -0.4087536284870524,
      0.13335550322795425,
      -0.3948737602713447,
      -0.030454041408199045,
      -0.42907283183271383,
      0.2160472747036206,
      -0.06929145094427601,
      -0.0689885087860542
    ],
    [
      0.6975796354364102,
      -0.15026750373053754,
      0.024526026604331237,
      -0.06697394103331655,
      -0.09534808544265222,
      0.35655939020031446,
      0.1803875371690733,
      0.10269759357608332,
      -0.15161790452579316,
      0.08469980823943177,
      0.125090384735745,
      -0.2521776938421072,
      -0.43522238707233446,
      -0.030774580556805188,
      0.08145021932314357
    ],
    [
      -0.059661863687899976,
      -0.16775265809870027,
      0.15285369931236428,
      -0.04837010076564987,
      -0.12354326668689612,
      0.10894869269406907,
      0.6912473203540701,
      -0.074428968518469,
      0.2781463743361101,
      0.45627289122808234,
      0.0376510195828056,
      0.006598279387372008,
      0.36983712795352686,
      -0.0910311467039759,
      0.0047579165736336545
    ],
    [
      0.22037847685305242,
      -0.010014472095336846,
      -0.10399672758083833,
      0.5255841036544922,
      0.22648576900012954,
      -0.28801507652377173,
      -0.06014310028589033,
      -0.05567728074379276,
      0.29434171973787,
      0.15627419959338743,
      -0.4559349923793521,
      -0.4162193035688692,
      0.0007305028518897194,
      -0.17513077650800554,
      0.021638069884742005
    ],
    [
      -0.05821506912992383,
      0.2076363642478281,
      0.10993444361323403,
      -0.42340582435787205,
      -0.16910286088935292,
      0.1278597551288963,
      -0.25870314393639526,
      -0.03256081899602287,
      -0.0216592186255041,
      0.28683226658461736,
      -0.43008522476838257,
      0.05146655721794913,
      -0.05288272568165714,
      -0.48834329594872916,
      0.37090284234756754
    ],
    [
      0.25997393980963074,
      -0.3972380254421567,
      0.1373150474642286,
      0.08644318690961267,
      0.005183552399821545,
      -0.35642922935328625,
      -0.04067637675243652,
      -0.11181087449444481,
      0.2510470569017889,
      -0.17417373775488962,
      0.17967955092937454,
      0.5505298928531285,
      -0.10439581671235607,
      -0.30646633423790354,
      0.27113397184386134
    ]
  ],
  "grandtour_thetas": [
    0.191894396624777,
    2.873210969617509,
    3.651853160595468,
    4.640122128772514,
    1.4494463674233227,
    5.333757838356167,
    5.858544558867844,
    0.7087524298506768,
    4.944934798641931,
    5.4226325989102335,
    3.8292845828046675,
    5.8724714534335645,
    1.373468774613836,
    0.6447908190493145,
    4.555463478910838,
    3.9884601575825185,
    0.74610939612163,
    4.5326570779449025,
    0.045106115436920356,
    3.2847391545291473,
    0.6453412370763523,
    5.954152739280031,
    2.782692531888173,
    2.080501771063436,
    2.638190274044484,
    2.6508988097961677,
    3.018951703233342,
    4.561863133108266,
    4.200154306479111,
    2.2210748135772542,
    4.171974848900258,
    2.4424573624540518,
    2.5782401855143227,
    0.9442791566393258,
    5.2599995975919,
    0.5570281970718083,
    4.456580800266859,
    6.229558425554987,
    0.7761256264401755,
    5.4777511973486215,
    2.2006756515433668,
    1.623818858318196,
    2.613207012942485,
    2.1701831697138454,
    2.7178187478149876,
    6.023822535479831,
    4.2412645430971,
    2.222969616327626,
    0.5789930204341531,
    4.02972851423929,
    4.153677002745338,
    1.9940404714169344,
    0.8387668023032949,
    3.7082291956617874,
    4.7456942309236725,
    0.4807631157703275,
    3.736398417449386,
    3.331307463219537,
    4.324824904113847,
    5.752888498504169,
    0.36736784030583036,
    3.339296171786329,
    6.172894103463069,
    2.5148499629374004,
    1.919653239270739,
    4.086651819979087,
    1.0604711516522083,
    5.097568903138601,
    5.657395304013889,
    4.073192780596635,
    5.797453200313001,
    5.937716594710582,
    4.297234231394859,
    5.648212177608062,
    5.997655710877945,
    2.410377746548347,
    2.4478715339208663,
    4.83550724298542,
    5.550082756906812,
    4.46748278089593,
    3.7328409788516494,
    3.484218378113309,
    4.078042011696226,
    1.8242382513637543,
    2.5982582480036083,
    2.0842622902116235,
    3.797346711060213,
    5.81878471110074,
    0.016387277809649155,
    3.7182911425233,
    1.6730912948016503,
    2.761093241227768,
    4.284575823522535,
    3.077279789190774,
    3.132518103458301,
    2.9937294002040824,
    5.130577640412253,
    1.452357413688057,
    1.3963628048655212,
    5.089670955339256,
    1.3024543714329597,
    3.3411520544870768,
    1.9506969652007562,
    4.611597519834909,
    4.70499193750923,
    0.44088321924120266,
    3.760818465834402,
    4.938330761603684,
    0.045900569777278424,
    0.4594488571372929,
    0.3713350365073009,
    5.078749601464866,
    2.257823929234723,
    0.30175349463422674,
    4.5172400614573,
    0.13699893630753998,
    1.721593067295382,
    3.801563056962711,
    4.298956779624803,
    3.28639031930605,
    1.2677370746703682,
    5.809941265054638,
    5.675856412329214,
    5.892830627577519,
    5.764987836077114,
    2.5461985562164138,
    5.179092424998755,
    2.2159580365658638,
    1.727250988822702,
    3.5458853857336856,
    2.8173075003595005,
    1.7404724599126344,
    5.815637885199005,
    3.3563021283620236,
    3.5955228567172015,
    3.86604393898415,
    4.001734686683374,
    5.489292485130373,
    2.1434289369104698,
    0.2537461212393273,
    0.3076502721792261,
    2.4812651492905338,
    4.672581762124226,
    5.790117734983961,
    5.9705166183965535,
    3.4175995221490187,
    1.306295721048027,
    1.9165546509576228,
    1.360926556642839,
    1.8442794822166637,
    4.72859669951561,
    1.9768906676995475,
    4.218734962924217,
    4.750376149593575,
    3.5815859677091564,
    3.4202871942185693,
    5.361625940469192,
    2.829742998774614,
    0.91480798004273,
    5.101140459118181,
    5.064128336011195,
    3.381539705315149,
    1.6842030559971881,
    3.0327629439944292,
    5.655318169184216,
    3.356081130098374,
    4.337216729238158,
    1.575325217302672,
    4.277758871212492,
    5.883785551216031,
    2.87432961276852,
    4.203008634065145,
    1.5955487108925672,
    5.312428033368415,
    5.424876068791838,
    3.846580113917774,
    0.4325079152316027,
    1.797481510701205,
    4.3882545822500125,
    0.8682277677401813,
    2.966222181052095,
    5.134397387948439,
    5.113327572912154,
    3.6694360281549807,
    3.870413924351525,
    6.18552507490906,
    4.135877194815433,
    1.0564112966330235,
    2.3130279108232474,
    3.8432509166920212,
    2.58593857688707,
    5.348151491857786,
    1.8582671582215207,
    5.535556516535635,
    1.0366156054808986,
    1.3860422368646534,
    5.539511685611076,
    5.072977149160578,
    1.0336116995475542,
    5.731591171061036,
    3.0066193641426855,
    5.931434363658938,
    4.252944619512907,
    4.4963245816549975,
    4.043040617143835,
    1.5093361157914438,
    3.3011050269608555,
    1.456945816750898,
    0.6098889262729278,
    6.110669286790866,
    5.650178565464787,
    4.069273325305874,
    4.432238223761412,
    5.774816716369106,
    2.7733587559405946,
    5.182877129392849,
    1.5896451808707197,
    2.3500531727189267,
    3.7501647245309493,
    5.667746021657908,
    3.9249923591152185,
    2.795967633430718,
    0.05423005782471946,
    3.207141827189274,
    2.2871090783045083
  ],
  "grandtour_t": 0.26724599999999693,
  "postprocess": [
    [
      -0.21491881871376656,
      0.7130987974446308,
      0.19973568603509192,
      -0.08988356717928071,
      0.13742090534388773,
      0.13614508069172282,
      -0.15361945438434013,
      0.11396632946317733,
      0.13959891076831943,
      0.09103175319869208,
      0.2994102864776844,
      -0.2635624598546698,
      0.157389717231533,
      -0.2663560140596283,
      -0.20178201628169976
    ],
    [
      0.53930236442702,
      -0.2092019796543705,
      0.1672324230022929,
      0.10112735016729067,
      -0.0578477746687301,
      0.04571165602195697,
      -0.3837383457206399,
      -0.2183742789590938,
      0.4975920513716991,
      -0.03630684553955324,
      0.045024168759743466,
      -0.36534821017776214,
      -0.13087660832481113,
      -0.12511066355612493,
      -0.09803984467197228
    ],
    [
      0.12334567395367858,
      -0.1885564025428904,
      0.9032432209111788,
      -0.06164539659371379,
      0.08986770566830274,
      0.00019287395440884637,
      0.14974578980851108,
      0.13415914909580368,
      -0.1588511406443993,
      0.08107289347126301,
      0.014849007869251347,
      0.1656297221694275,
      0.1383420051309171,
      -0.03591343974144746,
      0.03459268393229394
    ],
    [
      0.12255124050810855,
      0.10431050097944969,
      -0.025606107802373577,
      0.9456447490269808,
      0.07221284298941107,
      -0.060547179232440344,
      0.09805508634186358,
      0.11978938371878033,
      -0.07936098342639558,
      0.08484826494253622,
      0.033242235819703245,
      0.023250310617654917,
      0.16972223410858492,
      -0.04828799951758288,
      -0.008689770575975728
    ],
    [
      -0.2552254529002972,
      -0.17215711829836142,
      0.019655506833616623,
      0.07639178953178989,
      0.889463507054483,
      0.06848345047500899,
      -0.07415483185404521,
      -0.16892549741283283,
      0.06751467207240677,
      -0.10398290217672305,
      -0.03623814553450683,
      -0.06878750548257696,
      -0.20055628063143238,
      0.07675833443356572,
      0.039993894805348054
    ],
    [
      0.10696079881836057,
      -0.048817115267125136,
      -0.0570434343613137,
      0.029716114603988885,
      -0.04209230662216885,
      0.9596857547480293,
      0.16992346322765572,
      -0.043882672487420095,
      -0.11663468558011951,
      0.017850434141513546,
      -0.011374213170933971,
      -0.0676640066364717,
      0.03471144609654997,
      0.03745574423136189,
      0.08504820864898159
    ],
    [
      -0.253514315213067,
      0.09467251627698042,
      0.18806128732679778,
      0.10972034006972335,
      -0.19586002710208575,
      -0.0626325680818277,
      0.6624330834496962,
      -0.24431666357986065,
      0.3495419804361205,
      -0.17296098114242078,
      -0.10166437538128283,
      -0.29281685865251705,
      -0.2627754165525948,
      0.13279381072173327,
      -0.060928024319953575
    ],
    [
      -0.3048091408784532,
      -0.18121678545499248,
      0.0734152904600583,
      0.11003452106510384,
      -0.14680400765222257,
      0.1234753588895044,
      -0.2288834044216592,
      0.7531313356361927,
      0.1964545320009655,
      -0.17146664360252417,
      -0.052266469567574976,
      -0.08361096842005604,
      -0.33942586486931337,
      0.08618793059005198,
      0.0025324178177515955
    ],
    [
      0.14896605136702654,
      -0.08803773063496877,
      -0.19313138240976457,
      -0.14031232283656356,
      0.20724632583099076,
      0.01707754892894798,
      0.3465606714746627,
      0.29768414336448057,
      0.6298175432971974,
      0.18787832286403153,
      0.0778585478532619,
      0.324355297638577,
      0.3204768494093615,
      -0.10664451769246144,
      0.06158884195862471
    ],
    [
      -0.28086625780448926,
      -0.12583952231300832,
      0.03698053107674924,
      0.053559062434317885,
      -0.10052539012852607,
      0.025741806600314842,
      -0.11068397973269452,
      -0.127738142560071,
      0.08996137338107107,
      0.9001064921849732,
      -0.06058504378168263,
      -0.04930254445144014,
      -0.16874584893423145,
      0.09242728229714932,
      0.01739130422087321
    ],
    [
      -0.11087036033379936,
      -0.28008332174252315,
      -0.041363833502556915,
      0.03248971605017027,
      -0.08203536160583635,
      -0.030234450738934725,
      0.06652280277584943,
      -0.07141066248348718,
      -0.050430269372214696,
      -0.03940326766326846,
      0.929277594886127,
      -0.024562180273607338,
      -0.04659958060820871,
      0.10722674236906056,
      0.08602781712570108
    ],
    [
      -0.10783610889030223,
      0.21611629409780725,
      0.1298358965975089,
      0.14098815647168644,
      -0.13206019032797472,
      0.14694376883181512,
      -0.21841241197982317,
      -0.2908740388691936,
      0.24048457175591673,
      -0.14058047505789242,
      0.05682432568990486,
      0.7404927493221564,
      -0.3194380449923053,
      -0.023074420085760553,
      -0.0431130955941204
    ],
    [
      -0.46381449987841894,
      -0.22898699092550778,
      0.08343112799276188,
      0.08860086637562398,
      -0.16570746683048368,
      0.06725786238064772,
      -0.2707851502104076,
      -0.21820420438295357,
      0.20925009509022308,
      -0.19229834490817105,
      -0.11611803967698182,
      -0.04380796898797829,
      0.6665659380136079,
      0.15566797588673106,
      0.0006946770503113258
    ],
    [
      0.2420472106421652,
      0.27592716843187415,
      0.04874155769182054,
      -0.03636960354694343,
      0.07874434799393025,
      -0.008993784345957214,
      -0.0765564710357987,
      0.08229735396004707,
      0.06810138652502465,
      0.043943241468557916,
      0.0470178883657429,
      0.013220765928622532,
      0.06710795631592568,
      0.9061263013356714,
      -0.09022704827714424
    ],
    [
      0.016210789273387396,
      0.22395726169964555,
      0.0683061391333324,
      0.01108741097372888,
      -0.02761966743791827,
      -0.052800047325635965,
      -0.08865224314157481,
      -0.024315059126028625,
      0.09425473401481718,
      -0.021458962599777122,
      -0.016683105410234735,
      -0.09151638387315321,
      -0.016146644515609754,
      0.013405516176374227,
      0.9562176133598435
    ]
  ]
}