{
  "preprocess": [
    [
      1,
      0,
      0,
      0,
      0,
      0,
      0,
      0,
      0,
      0,
      0,
      0,
      0,
      0,
      0
    ],
    [
      0,
      1,
      0,
      0,
      0,
      0,
      0,
      0,
      0,
      0,
      0,
      0,
      0,
      0,
      0
    ],
    [
      0,
      0,
      1,
      0,
      0,
      0,
      0,
      0,
      0,
      0,
      0,
      0,
      0,
      0,
      0
    ],
    [
      0,
      0,
      0,
      1,
      0,
      0,
      0,
      0,
      0,
      0,
      0,
      0,
      0,
      0,
      0
    ],
    [
      0,
      0,
      0,
      0,
      1,
      0,
      0,
      0,
      0,
      0,
      0,
      0,
      0,
      0,
      0
    ],
    [
      0,
      0,
      0,
      0,
      0,
      1,
      0,
      0,
      0,
      0,
      0,
      0,
      0,
      0,
      0
    ],
    [
      0,
      0,
      0,
      0,
      0,
      0,
      1,
      0,
      0,
      0,
      0,
      0,
      0,
      0,
      0
    ],
    [
      0,
      0,
      0,
      0,
      0,
      0,
      0,
      1,
      0,
      0,
      0,
      0,
      0,
      0,
      0
    ],
    [
      0,
      0,
      0,
      0,
      0,
      0,
      0,
      0,
      1,
      0,
      0,
      0,
      0,
      0,
      0
    ],
    [
      0,
      0,
      0,
      0,
      0,
      0,
      0,
      0,
      0,
      1,
      0,
      0,
      0,
      0,
      0
    ],
    [
      0,
      0,
      0,
      0,
      0,
      0,
      0,
      0,
      0,
      0,
      1,
      0,
      0,
      0,
      0
    ],
    [
      0,
      0,
      0,
      0,
      0,
      0,
      0,
      0,
      0,
      0,
      0,
      1,
      0,
      0,
      0
    ],
    [
      0,
      0,
      0,
      0,
      0,
      0,
      0,
      0,
      0,
      0,
      0,
      0,
      1,
      0,
      0
    ],
    [
      0,
      0,
      0,
      0,
      0,
      0,
      0,
      0,
      0,
      0,
      0,
      0,
      0,
      1,
      0
    ],
    [
      0,
      0,
      0,
      0,
      0,
      0,
      0,
      0,
      0,
      0,
      0,
      0,
      0,
      0,
      1
    ]
  ],
  "procrustes": [
    [
      0.9413869117324278,
      0.06737462919528536,
      0.028866723402877617,
      0.01785676211597325,
      0.1587657009338179,
      0.05686080497883189,
      0.09287974434490354,
      0.031186059543114045,
      -0.06345154523806185,
      0.030350863846011933,
      -0.040655606510075326,
      -0.026808076391607198,
      -0.01780717458126399,
      0.22293450742716445,
      0.11280318715785786
    ],
    [
      -0.06880824670353952,
      0.9700771114490712,
      -0.006591606157851218,
      -0.006397316615721085,
      0.034973639605439005,
      0.015271039528253816,
      0.08267492576167651,
      -0.08352168169042798,
      0.13757933051633156,
      0.02065254970571674,
      0.12369463915319927,
      0.046984563128000464,
      -0.03920564441776361,
      0.015945167708394714,
      -0.014499292026569077
    ],
    [
      -0.043480491624579155,
      -0.002341926922719187,
      0.9880473195735905,
      0.04059953357315881,
      0.025963914842419625,
      0.018957808732146936,
      0.07011924704842148,
      -0.006048149817247359,
      -0.039817602826003204,
      0.038085618995841675,
      0.06012465085009605,
      -0.055831820967897655,
      0.056780781288151796,
      0.010672223759096376,
      -0.03354469927635112
    ],
    [
      -0.15117684468260278,
      0.015140169437875883,
      -0.06789676038484094,
      0.8791057422894017,
      0.21578312706726016,
      0.0641439796107129,
      0.14357792141809841,
      0.0548393088392752,
      -0.07063719361095988,
      0.028553809539395042,
      -0.15778267649664623,
      -0.10155352615042829,
      0.13608749940139353,
      0.2480260703174204,
      0.06426911744696354
    ],
    [
      0.13642223724703906,
      -0.08151286759046565,
      0.03134587891665932,
      0.25068083584928924,
      0.40011034642390425,
      0.052740661236134384,
      -0.16006761285420423,
      -0.34089803126281915,
      0.2548175594636639,
      -0.20578238753065142,
      0.1673943173178966,
      0.310924880648724,
      -0.0987140217853645,
      -0.6036686789027272,
      0.009184468245871935
    ],
    [
      -0.050988414850118347,
      0.016114113880002945,
      -0.010828071200158822,
      -0.11566043208747383,
      -0.00642619118661486,
      0.9553407142915729,
      0.06398385792647113,
      0.028752485543708205,
      -0.06372823332299213,
      -0.14007139094826548,
      -0.18049039590490698,
      0.001034530831614585,
      0.07267847608665655,
      -0.057362060139180375,
      -0.034298921406788266
    ],
    [
      0.09545110873317028,
      -0.045158127204396645,
      -0.039476575100272006,
      0.10138089581319752,
      -0.4160325734949657,
      -0.07080280094677113,
      0.8041958371811478,
      -0.009577045982293144,
      0.04216833029746095,
      -0.08646001281007502,
      0.01883166399245327,
      0.0007441657046291126,
      0.03724528228115505,
      -0.37543886268064924,
      -0.012012588473087197
    ],
    [
      0.07627649172303366,
      0.06312956713419571,
      0.0490933243323312,
      0.16037560916133128,
      -0.19304010742636205,
      0.031805892047791835,
      -0.2418785964141403,
      0.828428205590465,
      0.23766880303927687,
      -0.055569075657323524,
      0.07470058512384953,
      0.08913914009710214,
      -0.06813123438398515,
      -0.25098424425083954,
      0.1955917104769063
    ],
    [
      -0.0484796369765739,
      -0.1276960700834202,
      -0.00977433725121224,
      -0.1596958467924024,
      0.3276020314093686,
      0.0007905847542722388,
      0.2561745118248382,
      0.13865330868267817,
      0.7766910928482131,
      0.015016226783834144,
      -0.06846702823394359,
      -0.11316325557088382,
      0.07419544981759213,
      0.2394744652959263,
      -0.2824006362629403
    ],
    [
      0.016762203387047536,
      -0.06974780032069947,
      -0.03049835105013675,
      0.06728440898659432,
      -0.10357289273894811,
      0.18585066695258895,
      -0.00871840447803875,
      -0.10014801219632653,
      0.14550361346385215,
      0.9239242690654534,
      0.15797859682678234,
      0.1297402256916155,
      -0.007301551383285088,
      -0.09428935379483297,
      0.09210085628993456
    ],
    [
      -0.010957797253819845,
      -0.06405307526494153,
      -0.1026069960891891,
      -0.023297656857037642,
      0.17934039599958154,
      0.10008172864704719,
      0.08042410891276947,
      0.13096391243621408,
      -0.17494797441685928,
      -0.061977681349583896,
      0.8430583088377458,
      -0.22073047197387488,
      0.3404472107964356,
      0.03383759746540324,
      -0.08911045745694635
    ],
    [
      -0.057631300266381975,
      -0.010037432622934078,
      -0.0002711325031907342,
      -0.07726699934756803,
      0.21588453531887344,
      -0.054782057288447435,
      0.2086900646207353,
      0.25369708622984544,
      -0.2734141991073016,
      0.04948486642769288,
      -0.016033704542884615,
      0.8000325808317604,
      0.08156415577829583,
      0.15348561281611395,
      -0.2921691774460488
    ],
    [
      0.060693765441225275,
      0.05603409267359172,
      0.003015507100857977,
      -0.06077265574315261,
      -0.12848315793364518,
      -0.09273406990197061,
      -0.15330196575825072,
      -0.10114507337412405,
      0.13398851984208265,
      -0.025717765963677655,
      -0.2055915813320411,
      0.13636469482130759,
      0.8990023971432654,
      -0.07997083341654311,
      0.19119751737051818
    ],
    [
      0.05422985812089204,
      -0.09222640283977966,
      0.03720038450505402,
      0.19592338852618368,
      -0.5343168985046467,
      0.11956255830390797,
      -0.14523696188724905,
      -0.25364815719029177,
      0.30396956363863725,
      -0.23948813151272658,
      0.31266733531172725,
      0.34300926818594374,
      -0.09574388892921508,
      0.43499939756126843,
      -0.001733400120703818
    ],
    [
      -0.1883453106448886,
      -0.06502014681304244,
      0.016140116454060507,
      -0.1852731174118346,
      0.23881923746843794,
      0.011151311383414145,
      0.2524655767780035,
      -0.015767304927425604,
      0.05549754876460508,
      -0.07542761847632173,
      0.08559111001231934,
      0.15607231318254325,
      -0.09929132700408091,
      0.17378230812031809,
      0.8509127869186739
    ]
  ],
  "grandtour": [
    [
      -0.26183590797608974,
      0.15882775703813734,
      -0.31711266235141816,
      0.012780564957326268,
      0.46177002007314255,
      -0.08528905419061236,
      -0.21664293927876488,
      -0.44057058324415144,
      0.27178227778067837,
      -0.35293217799188914,
      -0.13218375360572443,
      0.1528638386659481,
      0.18867655814493128,
      -0.2601992227616992,
      0.03715421208791456
    ],
    [
      0.12137177809453951,
      0.05804875694214681,
      0.16587544379979982,
      0.34548388698443155,
      -0.06785840022593058,
      0.006245962666521207,
      0.3421873817426158,
      -0.25330262770094975,
      0.3779305071351201,
      -0.03914958561508253,
      0.6275172481914999,
      0.30903112468290117,
      -0.10985236416447831,
      -0.026826499499906592,
      -0.05193996782118163
    ],
    [
      -0.33487106288050134,
      0.029599987957052435,
      0.467026825939609,
      -0.015500189556413038,
      -0.1325501361121461,
      0.08727771402120672,
      -0.3914341504166603,
      0.2830219125594495,
      -0.07146647874781656,
      -0.4296188941247208,
      0.2982846882751858,
      -0.047050521218490446,
      0.1604915111830164,
      -0.22024012929713532,
      -0.23450216756105702
    ],
    [
      0.3470724933746776,
      -0.12236775781746287,
      0.12173266352707293,
      0.3013607351045746,
      -0.03106811175012215,
      -0.06015177588520189,
      0.03376163950481604,
      -0.3345339003444726,
      0.013527842041456906,
      -0.33970745342786035,
      -0.17794965524545667,
      -0.5409601788968262,
      0.1012069225623294,
      0.21165668548101074,
      -0.3825753450021275
    ],
    [
      0.39564817474088493,
      -0.01903961132314996,
      0.34522744255141735,
      -0.26070668377083717,
      0.44705288506940244,
      -0.21748862039916275,
      -0.018641486990667776,
      0.09831180591349173,
      -0.06554311178765285,
      -0.014448110945899921,
      -0.15729674448576292,
      0.4472924282069556,
      -0.12448044605878639,
      0.018009527266157913,
      -0.39197270390568606
    ],
    [
      0.19885118982903116,
      0.25202383258933764,
      -0.035559845388809186,
      -0.4958924541396489,
      0.1763995827043813,
      0.07302128238514717,
      0.3853973372650318,
      -0.0193149471944166,
      -0.2760707716062357,
      -0.32856710140811474,
      0.3340507060862433,
      -0.20216538607513448,
      0.25809384182648176,
      0.0637611164253537,
      0.23896700281651798
    ],
    [
      -0.05978372050567124,
      -0.08094702427404976,
      -0.23691926132208005,
      -0.15423238847689782,
      -0.31696493187804076,
      0.0852945037497209,
      0.3766055781668035,
      -0.03908898269181285,
      -0.06308842418363955,
      0.11065291762693834,
      -0.11029278070964774,
      0.12675218231558427,
      0.3466123844595293,
      -0.4564393011892953,
      -0.5347164464683515
    ],
    [
      -0.056397155273393576,
      -0.23978873344124768,
      -0.18631172802916554,
      -0.047110161211353675,
      0.14038622788917215,
      0.5258375152626777,
      0.15394397959609746,
      0.3859376392130578,
      0.41808286312996534,
      -0.2628999426090374,
      -0.11312288237018686,
      0.11087135647390792,
      0.07251664385529888,
      0.38246826586590843,
      -0.11397262280007374
    ],
    [
      -0.24906569986530758,
      -0.43568398017459276,
      0.1698668896543469,
      -0.5412434943747875,
      -0.2131809556245988,
      -0.27937958542228225,
      0.1251430806295027,
      -0.24641945087944112,
      0.31841553409721607,
      -0.1270349945925499,
      -0.038418173795308146,
      -0.10996950445182503,
      -0.3013167407224121,
      0.027516183751285922,
      0.06180249487312853
    ],
    [
      0.34709956773850187,
      0.1669081451507325,
      0.016967937529749302,
      0.012503553043624951,
      -0.1550747817129472,
      0.2935387153786035,
      0.04443102397510724,
      0.09874274410388349,
      0.10799836522471123,
      -0.30690496042921034,
      -0.2490441432304873,
      -0.04877780986843222,
      -0.4813434998173358,
      -0.5369564167959326,
      0.1975134948967171
    ],
    [
      -0.4204354639183723,
      0.12291584570798544,
      -0.2018941669791354,
      0.10485213108667955,
      0.2724687720345096,
      -0.008263118441610031,
      0.2645461731528602,
      0.06615281733687131,
      -0.3113542873520557,
      -0.0710167879095841,
      0.1133788290458773,
      -0.16613021271525888,
      -0.5825108564560678,
      0.04658058077777823,
      -0.3518161116312115
    ],
    [
      -0.027493611566028586,
      -0.4388799309201397,
      -0.08569006584826769,
      0.28562871894691677,
      -0.12815958417296452,
      -0.17134894474365264,
      0.16204113796747566,
      0.00408488699450682,
      -0.4567223951231814,
      -0.44286819234986347,
      -0.10837023722163625,
      0.4013474946727597,
      0.03702208812843856,
      0.04283126519720856,
      0.2547271960841654
    ],
    [
      0.08830357229923393,
      0.04726442928664071,
      -0.13798372770850081,
      -0.2372422481063217,
      -0.26578859605246624,
      0.4544319915881232,
      -0.36960728276776533,
      -0.46694311210941564,
      -0.26414633743243826,
      -0.020616201090434223,
      0.11861946572560997,
      0.26222202775358333,
      -0.18893562021703192,
      0.25976781237444135,
      -0.16322519261939833
    ],
    [
      0.17390306452020846,
      -0.6322164157715714,
      -0.10760803681668164,
      0.0019796589153756178,
      0.37643085360441375,
      0.22970450425109545,
      -0.17144130181155864,
      -0.02864446140390449,
      -0.11211033727171255,
      0.20219809304496394,
      0.34257501457624245,
      -0.21183796031046348,
      -0.015173706685964218,
      -0.3416343718349639,
      0.03420092395894589
    ],
    [
      -0.28845344621039026,
      -0.017035272788695655,
      0.565541334539486,
      0.08699596321659495,
      0.19994644340472134,
      0.4383129164728176,
      0.29550869558701603,
      -0.3090064502095124,
      -0.13340581700846077,
      0.17774656793878796,
      -0.29544927243288327,
      0.013909423807128202,
      0.09862474793514506,
      -0.044573996645277336,
      0.16001112644521512
    ]
  ],
  "grandtour_thetas": [
    0.5860741220662403,
    2.994966918517526,
    2.0441209629698136,
    0.8213710855564366,
    0.7838817312243554,
    5.994773543737968,
    5.519725798178658,
    0.79805066200086,
    2.1169216401237656,
    3.9925855955318803,
    3.0758281244054024,
    5.932591437084922,
    3.3537314232077953,
    6.186567377142036,
    3.600482031475243,
    2.1335037877525926,
    2.4899104491868296,
    0.6763770376493661,
    4.734710904428454,
    3.397709259166052,
    1.5684305348187502,
    3.668168357227848,
    5.400867318961834,
    1.127430483546062,
    5.202068254764967,
    1.6396679727429295,
    4.179470147169671,
    2.1386963491525615,
    3.023642058140864,
    3.0107012028985563,
    5.456886388011166,
    2.363273997586834,
    1.8502114957816587,
    1.3849667447626055,
    4.825191034465392,
    2.2225873479039517,
    4.017134839305424,
    4.411081067084389,
    4.500652933237433,
    0.6138275930321905,
    2.520160996256709,
    3.0108200571240276,
    0.6466448260616631,
    3.7856540963599583,
    0.29253758529656415,
    1.5085867204052348,
    3.7092087121176256,
    0.524586035715741,
    6.174326207996777,
    1.2872764210256282,
    6.05820337339563,
    5.066243481549765,
    3.588564294764416,
    3.6634403234397475,
    2.715725292048255,
    4.649710192639903,
    3.1167528580521915,
    5.122898923559524,
    5.323260474627553,
    5.477323961086453,
    2.0673097513805683,
    0.10318592745606912,
    5.8339799018474165,
    2.6980066933406994,
    5.862991741515154,
    2.409808826067032,
    2.948946205787269,
    4.814192624943533,
    4.489392547379974,
    0.13654785882703677,
    0.947271774769554,
    2.214304617946808,
    4.503518768024372,
    2.5834846899886696,
    4.346447253061786,
    3.583050518851193,
    3.6017357297546124,
    0.13056964613273375,
    5.044364259007212,
    3.7627068066454084,
    4.550557698581849,
    2.2147922287857464,
    1.2517663831630448,
    1.9217911702281614,
    4.891349955192987,
    3.5419991640768864,
    1.99255792107307,
    4.032898704585076,
    0.5111226094027244,
    2.90236189053651,
    4.235567983712447,
    0.6354820731000389,
    1.4823067091856024,
    3.7119673806322844,
    2.0411127170172314,
    1.5771348709445197,
    0.5996651800301085,
    4.0597011195409465,
    2.5633072385792404,
    2.1289283515264237,
    5.716698363599215,
    5.283257092188196,
    6.081264437175619,
    1.3451311899943226,
    2.8159413418989345,
    4.569420168491711,
    3.0767068467984218,
    5.413988281730361,
    3.394882370654522,
    0.8567615665572154,
    1.5695504100620061,
    1.3800712411408227,
    1.5770545485370056,
    6.04981091902252,
    0.6333143700453046,
    5.003699378933948,
    6.255712352110217,
    4.551457728729223,
    5.027844897011956,
    1.057837323269159,
    2.3791019825918553,
    0.210219980366111,
    0.19427884344299487,
    5.525702846033465,
    1.2901001794625102,
    2.1871280915181033,
    0.6981873755376024,
    3.407906707178112,
    0.5764161313703801,
    0.6512591295376974,
    6.066416879137282,
    2.487851338784663,
    0.12210396301021363,
    2.367805711554933,
    4.725011096124966,
    5.580670241023479,
    1.4005073107954715,
    3.232640069149715,
    1.4619192724339605,
    4.817696226737734,
    3.977848396806123,
    4.354038066046565,
    0.967751780028643,
    4.883417589028822,
    2.52607726663336,
    5.222999694691614,
    0.011747309310604352,
    5.50495311630293,
    1.270702967154802,
    3.103859332466374,
    0.9207310769929821,
    3.6264614967754683,
    3.0157409144199607,
    4.656949454600474,
    1.741123251379252,
    4.055855964547025,
    1.8476309184498223,
    0.38965874558648655,
    5.58718470713116,
    1.039378923439179,
    3.2515900887085323,
    3.4289452652555648,
    3.109614579495451,
    5.123785810476582,
    2.524623621208951,
    0.6151897253179607,
    1.8536114543065458,
    1.217598289163062,
    4.418641250600891,
    1.0885096686344142,
    0.7018909747390059,
    4.946305301568464,
    2.5471696294471617,
    4.905258910920363,
    1.0213155231095996,
    0.12396401282778641,
    6.142326352234036,
    4.98636873843266,
    5.522994323654363,
    4.166230785676058,
    2.229672587564706,
    4.056231946450124,
    2.1008853073017075,
    1.5401330433901745,
    0.5069323389713201,
    3.2246677951657974,
    0.06124881552674804,
    4.428321810715898,
    5.64951215993364,
    3.6243235992991854,
    2.532005270038149,
    1.717620828473308,
    5.45332041717065,
    0.5372577125272961,
    3.5758016097521073,
    2.382200180294008,
    1.7006279596892668,
    1.2929271415553427,
    4.713329513624479,
    3.9655465648651287,
    4.431647900198729,
    0.2521294583654645,
    5.035164943024753,
    0.4959662680156894,
    0.8717025432349567,
    0.5154783163757687,
    3.106601174837839,
    1.3730486470101018,
    4.734743707336096,
    4.2519560722913186,
    4.230688120675509,
    3.316752230567312,
    1.1380931683885323,
    0.9543769037839401,
    0.6034140104319822,
    5.684961899802372,
    1.8010168167529823,
    0.9493165437691901,
    3.547385996880929,
    0.514018862881478,
    2.785203494162282,
    6.15559647175609,
    0.2818169156368919,
    4.419303729113111,
    0.2045502825532352
  ],
  "grandtour_t": 0.6738276000000105,
  "postprocess": [
    [
      -0.08018111145917263,
      0.03948292254795379,
      -0.26883826391292115,
      -0.1832065624223577,
      -0.3798957965049689,
      0.27104250968148574,
      0.3411092685444289,
      0.022218908509209226,
      -0.2042219475752413,
      -0.3689207065563515,
      0.27954775699225404,
      -0.45961804997234096,
      0.12297418457851488,
      0.263072537105578,
      0.0021814091798145903
    ],
    [
      -0.3955075131367945,
      0.5340052887700024,
      -0.09682266529112452,
      0.13760322704893416,
      0.2435643545270587,
      -0.11695837720081058,
      -0.13304486693367285,
      -0.22573022994907777,
      -0.012416670825561114,
      0.17039418338300374,
      -0.30972908868809623,
      -0.4176949756391514,
      0.09459509692526068,
      0.2456149064429289,
      -0.13993028534802102
    ],
    [
      -0.10779913361775152,
      0.10209240665123817,
      0.9519094698266726,
      -0.013184659338420321,
      -0.09415879066404496,
      0.03749170740177767,
      0.10574129597062826,
      -0.018440462927764977,
      -0.04219190291366504,
      -0.10713731521947287,
      0.08877226632136129,
      -0.10638615313986728,
      0.02861320578548698,
      0.12871916335322206,
      -0.003715721577643999
    ],
    [
      0.0898637615399385,
      -0.039619909645047614,
      -0.024661463904018133,
      0.9706961845184601,
      -0.10318212051909666,
      0.06339249313790143,
      0.10144016682449458,
      0.011579513070199278,
      -0.043830767166589214,
      -0.09953036508075161,
      0.08880305343330977,
      -0.015622860300191572,
      -0.0015951962739250121,
      0.04258796490950946,
      0.025147181527887533
    ],
    [
      0.304661359055523,
      0.2469506542100049,
      -0.012869890653418647,
      -0.03388299975615026,
      0.7556912092645298,
      0.1757138713887088,
      0.21077881913281699,
      0.025691637983898806,
      -0.07684356925521374,
      -0.2995079578815491,
      0.20848064123673218,
      0.10128089305685711,
      -0.09294128715976485,
      0.17215703791149933,
      0.101206339277359
    ],
    [
      -0.2759027556300116,
      -0.19605218862885884,
      0.03167071656077513,
      0.027616973309319896,
      0.1462704929326682,
      0.884947531787471,
      -0.1443877461924954,
      -0.007156291782368133,
      0.07440739466277355,
      0.1646578929850515,
      -0.11162827133337501,
      0.012139156795615618,
      0.025560159969649037,
      -0.09880850642190407,
      -0.050753300137537545
    ],
    [
      -0.19835009454828453,
      -0.25753458824220615,
      0.005537308713946333,
      0.009239834748161811,
      0.20542521423398785,
      -0.12610061494523625,
      0.817138096075272,
      0.0068180480204460565,
      0.059817139803732225,
      0.2685881959092365,
      -0.1838448640372065,
      -0.07954691817180405,
      0.08122862946712003,
      -0.2011318104449352,
      -0.0738826847852858
    ],
    [
      -0.17411607263865075,
      0.104856875173872,
      -0.005786549638901429,
      0.0285470358476527,
      0.0552896246105357,
      -0.049106027648994535,
      -0.05377477267582336,
      0.9681585654442958,
      0.0287959739856613,
      0.028726602795088638,
      -0.04084004436077451,
      -0.055672708425839317,
      0.015334342677560805,
      0.06544409841014456,
      -0.03477463745042356
    ],
    [
      0.05960227747189709,
      0.11770851451125615,
      -0.025042751261944895,
      -0.0037102656399903536,
      -0.08715775491618095,
      0.03886092459259672,
      0.08994422048806806,
      -0.02254923933398623,
      0.9637755375061231,
      -0.11103280469356519,
      0.08043362158364895,
      -0.04505502258119428,
      -0.0010437603347539153,
      0.12040956755103205,
      0.007459599601417207
    ],
    [
      0.3219024909682001,
      0.4084114656637369,
      -0.009979065320060994,
      -0.03072016202416319,
      -0.23609213119632738,
      0.19254769062066843,
      0.19364501988092664,
      0.03876236431127658,
      -0.0706171663549066,
      0.6946114547793626,
      0.19569184446971477,
      0.11806158445779362,
      -0.10899830797870672,
      0.17914373965761837,
      0.1142003726940308
    ],
    [
      -0.2690259509219259,
      -0.16663957317212338,
      -0.014579830182292051,
      0.033370953704515816,
      0.22355177005701826,
      -0.16158021073580714,
      -0.17843558904462334,
      -0.0461706306034963,
      0.05062010546908257,
      0.2720164058464797,
      0.8015272737777325,
      -0.17655755625449063,
      0.11276858788239559,
      -0.11530511809556805,
      -0.11085877204691359
    ],
    [
      -0.5252202612657233,
      0.16640749350457842,
      -0.09260982483148265,
      0.0031107379777093897,
      -0.10695222401372233,
      -0.024520058028539654,
      0.14639012390580106,
      -0.07028463544401987,
      -0.039923475503210806,
      -0.13019320326032974,
      0.1320872582146058,
      0.7240156613530444,
      0.10216353995910707,
      0.2731992980366127,
      -0.06473666664424747
    ],
    [
      0.2358686083390762,
      0.07019423328917464,
      0.02326704422597888,
      -0.0008382928042197879,
      0.028671949975605692,
      0.0308335640188045,
      -0.044196213366550684,
      0.02482966913545987,
      0.003541520645506412,
      0.02501065462175019,
      -0.04741104138945134,
      0.08129370453107498,
      0.95885870269488,
      -0.06884540927011817,
      0.030163776854004537
    ],
    [
      0.1120909946442171,
      -0.5292795575251714,
      0.012806209384715493,
      -0.010080147681001772,
      0.11063176020946336,
      -0.07947029261558491,
      -0.08353605991599918,
      -0.0049738915859246354,
      0.010015110390523553,
      0.18922486179860284,
      -0.10750719296447368,
      -0.022234358312655862,
      0.056326614580561485,
      0.7926197712735752,
      -0.04580306254949829
    ],
    [
      -0.23504315514693977,
      -0.058027904035691594,
      -0.012549577382452274,
      0.009034547112012674,
      0.03620540288381573,
      -0.05051510202523376,
      -0.028302158510789804,
      -0.016290578296512193,
      0.02168045400949964,
      0.03883848851613347,
      -0.0172936513345609,
      -0.06667047784349926,
      0.03694126811331338,
      0.02087668643903769,
      0.963169961218917
    ]
  ]
}